51001
51003
51510
51005
51007
51009
51011
51013
51015
51017
51019
51021
51023
51520
51025
51027
51029
51530
51031
51033
51035
51036
51037
51540
51550
51041
51043
51570
51580
51045
51047
51049
51590
51051
51053
51595
51057
51059
51600
51610
51061
51063
51065
51067
51620
51069
51630
51640
51071
51073
51075
51077
51079
51081
51083
51650
51085
51660
51087
51089
51091
51670
51093
51095
51099
51101
51097
51103
51105
51678
51107
51109
51111
51680
51113
51683
51685
51690
51115
51117
51119
51121
51125
51127
51700
51710
51131
51133
51720
51135
51137
80051
51139
51141
51730
51143
51735
51740
51145
51147
51149
51153
51155
51750
51157
51159
51760
51161
51770
51163
51165
51167
51775
51169
51171
51173
51175
51177
51179
51790
51800
51181
51183
51185
90051
51810
51187
51191
51820
51193
51830
51840
51195
51197
51199
